static/data/bitterroot_agg.asc
ncols        61
nrows        61
xllcorner    500000.000000000000
yllcorner    442127.375000000000
cellsize     201.442622950820
[rows 0 to 18 of 61, columns 0 to 42 of 61]
685.260009765625 647.97998046875 642.719970703125 605.67999267578125 573.45001220703125 524.97998046875 468.920013427734375 436.92999267578125 386.290008544921875 416.779998779296875 409.220001220703125 414.290008544921875 410.829986572265625 413.839996337890625 387.739990234375 375.089996337890625 364.480010986328125 379.220001220703125 366.510009765625 374.269989013671875 395.589996337890625 416.510009765625 406.079986572265625 422.910003662109375 439.239990234375 456.6199951171875 460.079986572265625 469.29998779296875 496.510009765625 474.540008544921875 501.029998779296875 471.32000732421875 364.420013427734375 314.279998779296875 283.079986572265625 325.730010986328125 288.1199951171875 282.899993896484375 289.17999267578125 289.07000732421875 297.410003662109375 336.29998779296875 375.329986572265625
582.8800048828125 504.54998779296875 497.8900146484375 495.970001220703125 473.75 500.790008544921875 491.1099853515625 458.339996337890625 427.80999755859375 369.790008544921875 387.410003662109375 386.459991455078125 382.519989013671875 363.69000244140625 333.260009765625 333.220001220703125 332.920013427734375 343.399993896484375 370.42999267578125 401.3599853515625 404.769989013671875 404.970001220703125 427.20001220703125 442.459991455078125 461.5 480.829986572265625 505.57000732421875 530.79998779296875 539.40997314453125 519.42999267578125 501.029998779296875 479.82000732421875 372 311.20001220703125 283.670013427734375 321.05999755859375 277.420013427734375 272.019989013671875 269.040008544921875 269.089996337890625 284.089996337890625 311.149993896484375 344.040008544921875
532 413.70001220703125 407.29998779296875 412.45001220703125 416.80999755859375 477.30999755859375 487.6300048828125 457.970001220703125 455.459991455078125 407.760009765625 372.470001220703125 366.769989013671875 357.269989013671875 338.410003662109375 323 347.850006103515625 386.6199951171875 378.170013427734375 386.529998779296875 404.779998779296875 404.769989013671875 405.69000244140625 417.25 446.67999267578125 474.100006103515625 506.970001220703125 550.78997802734375 574.3800048828125 589.010009765625 553.20001220703125 497.769989013671875 463.579986572265625 379.649993896484375 313.160003662109375 293.489990234375 318.910003662109375 294.600006103515625 272.54998779296875 276.239990234375 269.279998779296875 269.8599853515625 275.779998779296875 283.730010986328125
441.75 388.57000732421875 393.910003662109375 367.100006103515625 375.25 388.20001220703125 423.350006103515625 462.220001220703125 442.470001220703125 447.489990234375 374.839996337890625 359.399993896484375 352.5 329.850006103515625 321.70001220703125 335.95001220703125 390.339996337890625 433.55999755859375 391.220001220703125 395.519989013671875 403.100006103515625 406.019989013671875 429.970001220703125 452.32000732421875 502.1400146484375 532.15997314453125 578.71002197265625 571.55999755859375 552.719970703125 539.6300048828125 483.1199951171875 432.739990234375 379.8699951171875 302.8800048828125 296.989990234375 294.660003662109375 256.790008544921875 251.3000030517578125 246.8000030517578125 253.339996337890625 268.42999267578125 267.260009765625 248.2899932861328125
331.600006103515625 306.67999267578125 321.32000732421875 317.779998779296875 306.850006103515625 331.29998779296875 372.8599853515625 402.600006103515625 458.6199951171875 442.970001220703125 405.519989013671875 344.8800048828125 348.160003662109375 331.850006103515625 322.660003662109375 321.239990234375 353.67999267578125 432.42999267578125 447.519989013671875 388.579986572265625 388.459991455078125 384.410003662109375 413.769989013671875 454.45001220703125 465.260009765625 471.260009765625 487.959991455078125 451.17999267578125 420.329986572265625 399.720001220703125 364.6300048828125 350.350006103515625 293.69000244140625 284.17999267578125 276.92999267578125 264.20001220703125 256.67999267578125 256.67999267578125 256.67999267578125 256.670013427734375 259.510009765625 256.230010986328125 233.600006103515625
279.760009765625 280.760009765625 278.82000732421875 267.25 261.339996337890625 280.149993896484375 328.20001220703125 343.20001220703125 392.239990234375 453.329986572265625 452.17999267578125 379.529998779296875 331.709991455078125 328.989990234375 323.05999755859375 322.70001220703125 327.769989013671875 382.600006103515625 453.8599853515625 402.05999755859375 371.239990234375 370.70001220703125 385.029998779296875 376.769989013671875 362.05999755859375 363.470001220703125 355.989990234375 328.709991455078125 305.730010986328125 307.75 299.269989013671875 290.010009765625 284.029998779296875 286.42999267578125 283.3599853515625 271.1099853515625 264.540008544921875 279.230010986328125 291.75 318.529998779296875 300.739990234375 254.67999267578125 240.05999755859375
230.5099945068359375 253.410003662109375 276.8800048828125 257.44000244140625 232.5 232.350006103515625 281.45001220703125 309.660003662109375 351.730010986328125 419.1099853515625 457.220001220703125 429.829986572265625 383.730010986328125 346.80999755859375 320.6199951171875 312.82000732421875 307.739990234375 346.19000244140625 428.600006103515625 436.30999755859375 379.30999755859375 363.489990234375 364.100006103515625 348.489990234375 329.3900146484375 297.720001220703125 293.17999267578125 295.480010986328125 324.94000244140625 355.220001220703125 356.649993896484375 313.709991455078125 300.660003662109375 369.089996337890625 411.82000732421875 395.089996337890625 432.459991455078125 477.540008544921875 430.739990234375 410.040008544921875 391.239990234375 340.32000732421875 262.790008544921875
235.2700042724609375 217.899993896484375 272.839996337890625 271.769989013671875 249.6999969482421875 236.029998779296875 241.80999755859375 303.769989013671875 351.989990234375 389.519989013671875 419.589996337890625 436.04998779296875 403.420013427734375 376.519989013671875 327.239990234375 316.80999755859375 306.6199951171875 320.269989013671875 382.6099853515625 416.17999267578125 399.17999267578125 355.160003662109375 362.420013427734375 328.1300048828125 301.75 310.75 345.3599853515625 380.8599853515625 419.540008544921875 412.970001220703125 397.1199951171875 418.720001220703125 406.230010986328125 488.410003662109375 557.0999755859375 523.29998779296875 543.91998291015625 542.1500244140625 480.54998779296875 439.410003662109375 442.5 426.579986572265625 335.6400146484375
278.839996337890625 251.92999267578125 214.5800018310546875 256.170013427734375 214.2299957275390625 281.54998779296875 217.2299957275390625 237.220001220703125 289.1400146484375 330.69000244140625 385.70001220703125 416.779998779296875 405.1300048828125 377.44000244140625 364.1199951171875 333.540008544921875 312.19000244140625 310.029998779296875 341.339996337890625 393.489990234375 343.790008544921875 344.339996337890625 339 324.3599853515625 344.540008544921875 424.209991455078125 511.829986572265625 537.1500244140625 514.280029296875 553.47998046875 573.28997802734375 563.72998046875 566.20001220703125 592.010009765625 601.280029296875 585.53997802734375 592.90997314453125 572.44000244140625 519.510009765625 486.100006103515625 494.399993896484375 471.6400146484375 419.339996337890625
358.8699951171875 300.920013427734375 277.489990234375 283.089996337890625 294.790008544921875 294.30999755859375 268.839996337890625 214.2299957275390625 256.3699951171875 295.07000732421875 347.739990234375 416.160003662109375 460.100006103515625 405.790008544921875 369.94000244140625 366.010009765625 332.989990234375 291.709991455078125 321.230010986328125 305.279998779296875 310.209991455078125 308.32000732421875 309.459991455078125 344.07000732421875 405.69000244140625 480.3599853515625 557.05999755859375 573.95001220703125 618.1400146484375 639.469970703125 655.4000244140625 661.42999267578125 650.3599853515625 662.8599853515625 684.66998291015625 682.41998291015625 628.030029296875 584.6500244140625 565.70001220703125 525.57000732421875 520.8800048828125 492.149993896484375 467.730010986328125
432.899993896484375 329.329986572265625 292.57000732421875 290.779998779296875 231.4600067138671875 252.660003662109375 278.3599853515625 235.3300018310546875 222.3300018310546875 263.80999755859375 307.8699951171875 373.79998779296875 435.1400146484375 400.1199951171875 357.1400146484375 361.6199951171875 351.80999755859375 318.899993896484375 291.420013427734375 305.279998779296875 305.790008544921875 308.70001220703125 329.1099853515625 387.829986572265625 450.540008544921875 499.04998779296875 561.67999267578125 617.1400146484375 644.1199951171875 674.95001220703125 700.05999755859375 755.8699951171875 716.8599853515625 762.95001220703125 790.52001953125 772.70001220703125 718.02001953125 684.3699951171875 606.010009765625 529.59002685546875 532.27001953125 519.40997314453125 478.600006103515625
508.3800048828125 383.54998779296875 302.269989013671875 287.709991455078125 245.44000244140625 218.029998779296875 216.1999969482421875 214.2299957275390625 212.7299957275390625 225.410003662109375 270.6199951171875 336.55999755859375 379.959991455078125 379.8900146484375 369.94000244140625 369.279998779296875 339.779998779296875 317.529998779296875 286.980010986328125 283.649993896484375 305.1300048828125 329.420013427734375 374.30999755859375 414.019989013671875 457.420013427734375 496.600006103515625 541.17999267578125 626.510009765625 699.0999755859375 753.65997314453125 787.82000732421875 797.47998046875 772.82000732421875 802.41998291015625 865.70001220703125 854.17999267578125 796.19000244140625 765.8900146484375 735.3699951171875 616.6300048828125 527.780029296875 514.04998779296875 494.220001220703125
572.16998291015625 499.70001220703125 365.44000244140625 288.970001220703125 242.1999969482421875 229.75 220.160003662109375 218.779998779296875 206.1999969482421875 209.7599945068359375 245.6399993896484375 296.089996337890625 335.8599853515625 362.82000732421875 369.94000244140625 357.589996337890625 338.6099853515625 312.760009765625 291.670013427734375 271.8900146484375 287.29998779296875 340.579986572265625 380.3699951171875 412.07000732421875 466.170013427734375 490.8699951171875 552.53997802734375 612.58001708984375 715.010009765625 796.15997314453125 876.3699951171875 884.46002197265625 821.780029296875 822.5 896 945.05999755859375 914.6400146484375 837.83001708984375 767.010009765625 702.67999267578125 643.09002685546875 535.719970703125 504.600006103515625
577.54998779296875 518.28997802734375 449.260009765625 327.05999755859375 245.5099945068359375 233.1199951171875 216.2700042724609375 142.7100067138671875 208.42999267578125 201.6199951171875 211.67999267578125 239.899993896484375 280.329986572265625 312.970001220703125 321.730010986328125 336.1199951171875 330.660003662109375 312.510009765625 289.95001220703125 276.769989013671875 257.05999755859375 295.839996337890625 333.470001220703125 366.709991455078125 428.20001220703125 470.8800048828125 533.32000732421875 605.29998779296875 695.71002197265625 793.16998291015625 936.90997314453125 955.489990234375 889.79998779296875 876.030029296875 906.69000244140625 962.05999755859375 962.34002685546875 906.27001953125 877.8599853515625 816.760009765625 706.69000244140625 609.16998291015625 514.84002685546875
618.65997314453125 547.47998046875 495.5 386.1199951171875 285.600006103515625 234.339996337890625 214.660003662109375 206.1199951171875 206.2599945068359375 203.42999267578125 202.0399932861328125 208.9600067138671875 240.4900054931640625 257.910003662109375 290.970001220703125 299.32000732421875 304.32000732421875 298.779998779296875 282.6300048828125 271.329986572265625 272.660003662109375 244.6699981689453125 299.170013427734375 342.829986572265625 375.170013427734375 443.55999755859375 520.52001953125 593.22998046875 701.27001953125 813.3900146484375 915.1199951171875 998.0999755859375 988.97998046875 911.90997314453125 965.1500244140625 961.9000244140625 962.030029296875 969.6199951171875 934.32000732421875 896.530029296875 748.21002197265625 631.4000244140625 531.27001953125
583.94000244140625 569.04998779296875 520.010009765625 450.589996337890625 339.54998779296875 245.75 213.279998779296875 192.8300018310546875 203.3600006103515625 202.350006103515625 202.7299957275390625 207.7700042724609375 207.1399993896484375 209.8699951171875 230.2899932861328125 252.9199981689453125 267.95001220703125 268.69000244140625 270.040008544921875 262.709991455078125 260.94000244140625 259.54998779296875 249.910003662109375 297.8599853515625 347.959991455078125 404.3900146484375 487.089996337890625 632.760009765625 767.219970703125 889.32000732421875 993.4000244140625 1058.22998046875 1074.1500244140625 1036.530029296875 1021.30999755859375 936.79998779296875 914.3800048828125 914.95001220703125 937.80999755859375 907.30999755859375 806.30999755859375 650.22998046875 527.1400146484375
533.42999267578125 521.33001708984375 537.8599853515625 499.760009765625 388.6300048828125 283.920013427734375 218.5099945068359375 197.17999267578125 192.2299957275390625 206.589996337890625 206.19000244140625 205.350006103515625 204.0500030517578125 207.7299957275390625 204.410003662109375 209.8699951171875 231.399993896484375 237.350006103515625 244.25 245.75 251.94000244140625 248.6199951171875 229.42999267578125 273.149993896484375 312.910003662109375 392.970001220703125 480.05999755859375 579.59002685546875 750.65997314453125 890.3800048828125 1034.1099853515625 1166.5999755859375 1146.9599609375 1111.6800537109375 1020.6400146484375 982.969970703125 898.80999755859375 852.90997314453125 889.969970703125 857.6199951171875 767.739990234375 637.40997314453125 513.07000732421875
555.9000244140625 491.279998779296875 476.480010986328125 528.6500244140625 450.910003662109375 359.8800048828125 255.2299957275390625 218.0200042724609375 200.0099945068359375 198.0500030517578125 202.9600067138671875 204.6100006103515625 202.75 193.9499969482421875 199.9900054931640625 196.67999267578125 203.3600006103515625 214.2400054931640625 217.279998779296875 224.2700042724609375 230.089996337890625 231.589996337890625 228.67999267578125 243.5399932861328125 258.760009765625 336.019989013671875 457.589996337890625 555.4000244140625 638.53997802734375 863.30999755859375 1035.02001953125 1104.8800048828125 1122.02001953125 1111.25 1110.1300048828125 979.1500244140625 900.78997802734375 831.3699951171875 833.30999755859375 814.8800048828125 725.8599853515625 620.719970703125 513.3900146484375
555.1300048828125 483.410003662109375 439.100006103515625 496.510009765625 518.05999755859375 409.420013427734375 330.17999267578125 250.5 216.82000732421875 201.3300018310546875 204.7599945068359375 203.8300018310546875 203.8899993896484375 192.839996337890625 194.850006103515625 201.970001220703125 201.589996337890625 205.7299957275390625 205.5399932861328125 207.350006103515625 218.9199981689453125 220.3600006103515625 221 232.67999267578125 197.55999755859375 296.1199951171875 368.6400146484375 463.19000244140625 561.8699951171875 692.30999755859375 787.1400146484375 894.58001708984375 1026.199951171875 1036.3599853515625 1054.449951171875 1047.719970703125 963.760009765625 875.1099853515625 777.8499755859375 737.6500244140625 730.3900146484375 650.260009765625 523.97998046875
