static/data/bitterroot_agg.asc
ncols        61
nrows        61
xllcorner    500000.000000000000
yllcorner    442127.375000000000
cellsize     201.442622950820
[rows 19 to 37 of 61, columns 0 to 42 of 61]
515.57000732421875 487.420013427734375 413.30999755859375 451.70001220703125 497.29998779296875 429.350006103515625 324.760009765625 283.95001220703125 231.410003662109375 214.470001220703125 203.9199981689453125 204.7899932861328125 202.339996337890625 204.5500030517578125 202.589996337890625 202.910003662109375 200.1300048828125 202.600006103515625 205.2899932861328125 201.279998779296875 207.6100006103515625 200.80999755859375 209.25 223.779998779296875 208.4799957275390625 285.239990234375 323.5 406.19000244140625 504.459991455078125 583.77001953125 658.9000244140625 740.489990234375 920.280029296875 929.05999755859375 959.54998779296875 1003.58001708984375 997.42999267578125 922.27001953125 824.5999755859375 710.4000244140625 652.97998046875 629.8800048828125 539.40997314453125
516.239990234375 443.709991455078125 411.230010986328125 407.70001220703125 460.8699951171875 417.170013427734375 330.010009765625 304.209991455078125 253.94000244140625 227.9600067138671875 212.6399993896484375 207.9499969482421875 209.0500030517578125 208.3000030517578125 205.25 204.4600067138671875 205.8899993896484375 192.8300018310546875 205.220001220703125 200.94000244140625 202.470001220703125 203.57000732421875 197.25 197.220001220703125 197.220001220703125 260.1300048828125 286.480010986328125 315.92999267578125 388.589996337890625 475.94000244140625 556.280029296875 616.82000732421875 762.469970703125 817.760009765625 835.53997802734375 935.0999755859375 946.72998046875 911.66998291015625 851.1199951171875 758.78997802734375 664.41998291015625 580.6400146484375 553.91998291015625
487.8800048828125 425.709991455078125 397.80999755859375 379.089996337890625 424.489990234375 389.3599853515625 342.850006103515625 304.959991455078125 281.410003662109375 248.2400054931640625 217.3699951171875 212.970001220703125 212.970001220703125 212.970001220703125 212.970001220703125 212.970001220703125 212.850006103515625 207.82000732421875 189.19000244140625 198.660003662109375 197.8800048828125 199.05999755859375 197.6300048828125 197.220001220703125 197.220001220703125 204.4499969482421875 256.660003662109375 286.42999267578125 338.420013427734375 392.3900146484375 467.230010986328125 518.78997802734375 672.32000732421875 733.489990234375 770.90997314453125 868.719970703125 888.96002197265625 886.79998779296875 869.8699951171875 789.92999267578125 698.52001953125 640.75 530.3900146484375
387.1300048828125 387.1199951171875 358.8900146484375 333.1300048828125 331.510009765625 309.470001220703125 306.790008544921875 300.6300048828125 278.579986572265625 262.6099853515625 246.350006103515625 212.970001220703125 212.970001220703125 212.970001220703125 212.970001220703125 212.970001220703125 202.6199951171875 212.92999267578125 192.600006103515625 195.1199951171875 200.850006103515625 194.2299957275390625 197.220001220703125 197.220001220703125 197.220001220703125 198.1399993896484375 262.55999755859375 262.19000244140625 294.959991455078125 328.970001220703125 382.1199951171875 424.05999755859375 490.510009765625 571.58001708984375 660.1500244140625 746.03997802734375 799.53997802734375 868.530029296875 857.92999267578125 831.59002685546875 769.44000244140625 685.1199951171875 574.33001708984375
315.69000244140625 319.720001220703125 300.540008544921875 289.850006103515625 291.279998779296875 278.459991455078125 274.17999267578125 257.510009765625 264.20001220703125 255.8800048828125 245.7400054931640625 217.5800018310546875 212.970001220703125 212.970001220703125 212.970001220703125 212.970001220703125 212.970001220703125 212.970001220703125 191.1699981689453125 186.9499969482421875 195.7299957275390625 197.2899932861328125 195.8800048828125 197.220001220703125 197.220001220703125 197.3600006103515625 231.9900054931640625 247.17999267578125 272.730010986328125 296.019989013671875 329.029998779296875 360.160003662109375 404.79998779296875 421.480010986328125 502.989990234375 577.1500244140625 651.95001220703125 791.42999267578125 752.02001953125 760.91998291015625 700.40997314453125 639.989990234375 556
337.160003662109375 341.540008544921875 334.529998779296875 321.6199951171875 318.42999267578125 352.660003662109375 367.970001220703125 319.959991455078125 269.019989013671875 270.670013427734375 237.30999755859375 213.3300018310546875 212.970001220703125 212.970001220703125 212.970001220703125 212.970001220703125 212.970001220703125 212.970001220703125 212.970001220703125 199.7100067138671875 193.82000732421875 196.0800018310546875 190.8899993896484375 195.779998779296875 197.220001220703125 199.589996337890625 215.6100006103515625 232.07000732421875 253.0800018310546875 253.75 280.519989013671875 323.730010986328125 362.510009765625 382.790008544921875 429.42999267578125 486.269989013671875 536.510009765625 641.0999755859375 630.5 645.8499755859375 601.8800048828125 543.67999267578125 511.019989013671875
412.209991455078125 403.170013427734375 397.970001220703125 399.1099853515625 384 433.970001220703125 458.920013427734375 371.32000732421875 316.850006103515625 273.160003662109375 259.239990234375 255.75 247.1699981689453125 213.42999267578125 212.970001220703125 211.0399932861328125 212.470001220703125 212.970001220703125 212.970001220703125 200.0800018310546875 197 196.3000030517578125 196.25 195.5 192.6100006103515625 197.220001220703125 208.3000030517578125 222.2400054931640625 234.529998779296875 258.75 257.32000732421875 288.6300048828125 329.8699951171875 359.470001220703125 389.29998779296875 436.3699951171875 504.010009765625 572.21002197265625 581.33001708984375 557.45001220703125 542.5 531.90997314453125 485.970001220703125
449.17999267578125 433.410003662109375 410.470001220703125 416.20001220703125 411.170013427734375 428.459991455078125 461.3900146484375 456.30999755859375 375.3699951171875 337.920013427734375 300.54998779296875 274.6099853515625 254.0800018310546875 243.55999755859375 233.57000732421875 235.6399993896484375 212.660003662109375 212.970001220703125 211.100006103515625 198.67999267578125 198.7599945068359375 181.2299957275390625 184.3699951171875 196.600006103515625 196.3600006103515625 185.69000244140625 204.089996337890625 216.7100067138671875 224.42999267578125 254.1100006103515625 245.94000244140625 275.55999755859375 301.19000244140625 338.029998779296875 366.540008544921875 398.8699951171875 454.42999267578125 531.6400146484375 516.45001220703125 522.6199951171875 508.910003662109375 489.260009765625 395.959991455078125
459.69000244140625 449.8900146484375 434.010009765625 430.82000732421875 424.420013427734375 439.54998779296875 466.1300048828125 495.30999755859375 481.410003662109375 404.589996337890625 367.589996337890625 336.209991455078125 305.839996337890625 281.1400146484375 251.2700042724609375 237.3699951171875 233.160003662109375 222.80999755859375 209.05999755859375 198.2599945068359375 194.029998779296875 196.0500030517578125 194.029998779296875 195.3300018310546875 194.649993896484375 192.8000030517578125 201.05999755859375 209.07000732421875 226.6399993896484375 232.2100067138671875 232.4900054931640625 234.69000244140625 295.07000732421875 326.42999267578125 361.19000244140625 367.209991455078125 416.19000244140625 460.230010986328125 454.3900146484375 448.29998779296875 409.089996337890625 388.589996337890625 316.519989013671875
469.3900146484375 465.529998779296875 438.95001220703125 443.329986572265625 430.730010986328125 456.910003662109375 484.589996337890625 513.78997802734375 536.25 533.03997802734375 472.230010986328125 424.790008544921875 377 326.489990234375 295.92999267578125 273.1300048828125 249.2100067138671875 232.529998779296875 226.529998779296875 208.100006103515625 197.2599945068359375 192.94000244140625 197.32000732421875 195.9199981689453125 194.649993896484375 196.2700042724609375 198.2899932861328125 204.600006103515625 220.5 226.3899993896484375 227.0800018310546875 234.8800048828125 248.279998779296875 298.07000732421875 325.850006103515625 364.3699951171875 379.1300048828125 404.1400146484375 401.519989013671875 397.970001220703125 361.989990234375 285 233.75
491.959991455078125 468.920013427734375 447.709991455078125 448.220001220703125 436.970001220703125 461.30999755859375 516.5 528.3900146484375 554 575.47998046875 587.92999267578125 565.739990234375 513.04998779296875 414.850006103515625 378.1400146484375 356.260009765625 305.1099853515625 261.649993896484375 232.7299957275390625 224.6100006103515625 218.339996337890625 195.6100006103515625 194.660003662109375 194.4600067138671875 196.649993896484375 192.2899932861328125 190.2700042724609375 201.6100006103515625 212.19000244140625 215.7299957275390625 223.649993896484375 231.9499969482421875 233.7599945068359375 272.420013427734375 306.3800048828125 335.17999267578125 350.540008544921875 364.209991455078125 341.730010986328125 319.519989013671875 281.1099853515625 238.7899932861328125 207.0800018310546875
518.05999755859375 474.6199951171875 479.94000244140625 484.209991455078125 455.589996337890625 465.1300048828125 525.45001220703125 551.780029296875 569.9000244140625 598.52001953125 611.27001953125 586.6199951171875 550.22998046875 543.260009765625 510.470001220703125 496.980010986328125 423.980010986328125 337.959991455078125 270.1199951171875 221.160003662109375 212.1100006103515625 208.3899993896484375 194.970001220703125 194.6699981689453125 198.57000732421875 197.4600067138671875 196.57000732421875 200.6699981689453125 206.9799957275390625 213.720001220703125 220.0200042724609375 229.089996337890625 225.6999969482421875 238.82000732421875 276.160003662109375 284.239990234375 279.739990234375 279.1400146484375 275.100006103515625 258.3900146484375 231.149993896484375 218.75 209.6399993896484375
525.09002685546875 478.470001220703125 505.279998779296875 506.25 486.829986572265625 496.510009765625 525.80999755859375 563.6099853515625 587.80999755859375 617.45001220703125 639.58001708984375 633.1400146484375 591.8800048828125 580.91998291015625 583.1500244140625 597.469970703125 542.25 439.57000732421875 315.470001220703125 242.69000244140625 217.07000732421875 208.399993896484375 206.57000732421875 200.589996337890625 201.1699981689453125 197.5800018310546875 193.6399993896484375 203.7299957275390625 207.2299957275390625 213.220001220703125 215.839996337890625 223.910003662109375 223.82000732421875 232.3600006103515625 232.0500030517578125 239.80999755859375 238.17999267578125 229.649993896484375 221.5 218.589996337890625 220.5099945068359375 209.720001220703125 213.2100067138671875
536.08001708984375 494.170013427734375 528.30999755859375 528.80999755859375 511.3699951171875 517.8699951171875 529.1099853515625 572.83001708984375 614.44000244140625 643.05999755859375 667.1500244140625 687.3800048828125 628.15997314453125 598.0999755859375 591.8499755859375 603.1400146484375 615.45001220703125 511.739990234375 376.899993896484375 273.779998779296875 222.970001220703125 226.9499969482421875 211.910003662109375 204.55999755859375 198.1100006103515625 197.4199981689453125 193.8300018310546875 204.2599945068359375 206.410003662109375 211.529998779296875 208.9499969482421875 222.3800048828125 223.970001220703125 238.55999755859375 228.05999755859375 228.0500030517578125 225.410003662109375 223.589996337890625 217.7400054931640625 213.220001220703125 222.67999267578125 203.2400054931640625 213.7299957275390625
542.4000244140625 523.17999267578125 553.530029296875 553.489990234375 541.70001220703125 545.260009765625 554.07000732421875 568.0999755859375 620.28997802734375 660.09002685546875 689.760009765625 690.83001708984375 618.94000244140625 575.71002197265625 589.5 573.54998779296875 548.65997314453125 539.80999755859375 411.80999755859375 263.92999267578125 225.6999969482421875 223.4900054931640625 223.2599945068359375 209.589996337890625 202.1100006103515625 197.5 193.5 201.660003662109375 209.0800018310546875 214.850006103515625 212.649993896484375 219.9499969482421875 219.779998779296875 226.2400054931640625 233.910003662109375 221.07000732421875 220.67999267578125 218.30999755859375 217.3000030517578125 216.279998779296875 209.8600006103515625 189.1199951171875 221.32000732421875
555.20001220703125 562.83001708984375 584.280029296875 589.1199951171875 582.5999755859375 575.90997314453125 577.53997802734375 595.3800048828125 623.70001220703125 660.21002197265625 680.1400146484375 637.9000244140625 565.21002197265625 499.920013427734375 478.739990234375 427.149993896484375 369.350006103515625 313.6199951171875 257.209991455078125 222.32000732421875 231.2100067138671875 235.089996337890625 226.470001220703125 218.57000732421875 205.19000244140625 197.160003662109375 188.1300048828125 200.92999267578125 203.82000732421875 209.600006103515625 209.92999267578125 216.5 218.220001220703125 227.9900054931640625 223.8800048828125 220.399993896484375 217.0800018310546875 215.19000244140625 213.55999755859375 210.1399993896484375 212.6999969482421875 181.75 215.529998779296875
584.6500244140625 597.66998291015625 602.530029296875 619.45001220703125 620.260009765625 609.54998779296875 601.80999755859375 612.3900146484375 627.3900146484375 648.29998779296875 631.8900146484375 597.91998291015625 568.79998779296875 456.100006103515625 348.92999267578125 318.910003662109375 318.42999267578125 296.6199951171875 280.589996337890625 297.3800048828125 281.20001220703125 251.9900054931640625 232.5800018310546875 220.649993896484375 209.7599945068359375 200.3300018310546875 190 196.1999969482421875 197.8300018310546875 206.42999267578125 211.25 213.4600067138671875 218.899993896484375 224.80999755859375 219.0099945068359375 213.57000732421875 213.19000244140625 213.1999969482421875 207.7700042724609375 204.8600006103515625 202.17999267578125 173.3899993896484375 210.32000732421875
626.32000732421875 629.1199951171875 642.16998291015625 644.57000732421875 643.489990234375 634.8499755859375 642.5 668.71002197265625 667.46002197265625 653.80999755859375 578.07000732421875 539.07000732421875 456.07000732421875 388.32000732421875 375.1099853515625 398.6099853515625 410.850006103515625 391.760009765625 375.79998779296875 371.170013427734375 366.04998779296875 324.529998779296875 273.489990234375 235.4499969482421875 221.100006103515625 205.2599945068359375 187.339996337890625 187.0200042724609375 191.0099945068359375 203.2599945068359375 208.720001220703125 207.9900054931640625 225.17999267578125 219.089996337890625 215.3300018310546875 210.6999969482421875 211.399993896484375 204.2400054931640625 207.8600006103515625 209.0099945068359375 197.75 202.19000244140625 211.55999755859375
647.07000732421875 670.72998046875 683.5999755859375 680.90997314453125 671.71002197265625 686.6300048828125 699.6300048828125 709.82000732421875 709.3900146484375 637.4000244140625 571.510009765625 489.769989013671875 422.3800048828125 456.649993896484375 487.339996337890625 481.3699951171875 472.279998779296875 465.3800048828125 468.05999755859375 431.82000732421875 458.5 433.019989013671875 348.260009765625 291.040008544921875 249.3600006103515625 218.57000732421875 211.2599945068359375 192.4600067138671875 188.05999755859375 189.910003662109375 206.089996337890625 212.2299957275390625 214.589996337890625 211.8300018310546875 209.5800018310546875 207.7599945068359375 208.910003662109375 214.7400054931640625 203.149993896484375 198.7599945068359375 197.75 196.1100006103515625 208.5800018310546875
