static/data/bitterroot_agg.asc
ncols        61
nrows        61
xllcorner    500000.000000000000
yllcorner    442127.375000000000
cellsize     201.442622950820
[rows 38 to 56 of 61, columns 0 to 42 of 61]
694.69000244140625 706.02001953125 721.010009765625 728.46002197265625 734.260009765625 745.84002685546875 750.94000244140625 751.42999267578125 701.989990234375 620.75 521.3900146484375 427.1199951171875 458.8599853515625 519.94000244140625 515.32000732421875 532.55999755859375 531.5 526.489990234375 516.530029296875 501.80999755859375 498.1400146484375 500.519989013671875 448.100006103515625 343.07000732421875 291.510009765625 241.6999969482421875 220.339996337890625 202.089996337890625 199.3899993896484375 188.6100006103515625 200.399993896484375 206.5200042724609375 209.7700042724609375 222.3800048828125 204.0399932861328125 203.9900054931640625 203.8899993896484375 205.899993896484375 202.5399932861328125 198.42999267578125 196.899993896484375 193.5800018310546875 197.67999267578125
744.27001953125 760.6300048828125 775.25 798.94000244140625 824.44000244140625 810.469970703125 802.46002197265625 742.510009765625 669.8900146484375 600.760009765625 480.3800048828125 432.910003662109375 510.010009765625 549.219970703125 555.30999755859375 567.8499755859375 586.030029296875 578.010009765625 566.6500244140625 559.20001220703125 539.47998046875 552.3599853515625 478.399993896484375 406.07000732421875 339.8900146484375 292.850006103515625 258.07000732421875 221.149993896484375 201.8800048828125 203.2400054931640625 193.029998779296875 200.220001220703125 214.6199951171875 218.7599945068359375 201.470001220703125 200.850006103515625 201.910003662109375 201.92999267578125 201.92999267578125 198.970001220703125 192.600006103515625 191.3899993896484375 182.3000030517578125
761.8800048828125 784.6300048828125 818.78997802734375 832.78997802734375 867.67999267578125 864.17999267578125 797.67999267578125 713.71002197265625 635.6400146484375 519.72998046875 456.94000244140625 490.57000732421875 539.29998779296875 580.82000732421875 576.15997314453125 590.489990234375 622.1500244140625 609.489990234375 568.47998046875 566.6500244140625 565.030029296875 593.47998046875 511.55999755859375 407.17999267578125 342.6099853515625 303.20001220703125 278.42999267578125 248.6300048828125 230.7299957275390625 204.9199981689453125 190.55999755859375 193.649993896484375 196.7100067138671875 198.0200042724609375 197.8800048828125 195.7299957275390625 197.220001220703125 198.5200042724609375 197.4199981689453125 198.160003662109375 191.9199981689453125 190.160003662109375 180.05999755859375
832.010009765625 821.78997802734375 846.030029296875 859.25 867.67999267578125 867.1199951171875 780.489990234375 698.1400146484375 590.34002685546875 515.21002197265625 498.30999755859375 561.42999267578125 575.67999267578125 622.489990234375 621.15997314453125 605.94000244140625 630.9000244140625 646.66998291015625 634.97998046875 625.760009765625 615.739990234375 540.69000244140625 486.769989013671875 404.040008544921875 346.82000732421875 302.6400146484375 304.079986572265625 302.1300048828125 254.6699981689453125 223.7299957275390625 204.600006103515625 187.7400054931640625 187.6999969482421875 190.2700042724609375 192.470001220703125 192.6100006103515625 192.6399993896484375 192.32000732421875 191.82000732421875 194.25 192.1199951171875 184.779998779296875 185.339996337890625
896.3599853515625 835.92999267578125 843.989990234375 873.260009765625 870.1500244140625 864.34002685546875 775.780029296875 638.28997802734375 550.91998291015625 541.40997314453125 588.1500244140625 605.84002685546875 643.8599853515625 689.3900146484375 686.8599853515625 650.42999267578125 666.58001708984375 686.8499755859375 692.03997802734375 691.03997802734375 648.04998779296875 540.33001708984375 446.420013427734375 412.29998779296875 365.850006103515625 376.69000244140625 352.290008544921875 341.959991455078125 289.910003662109375 252.44000244140625 228.4900054931640625 197.44000244140625 196.910003662109375 189.19000244140625 182.160003662109375 188.779998779296875 190.1699981689453125 189.94000244140625 188.8699951171875 189.75 186.899993896484375 184.279998779296875 182.2100067138671875
928.510009765625 867.719970703125 831.530029296875 843.08001708984375 859.54998779296875 833.75 734.45001220703125 620.59002685546875 584.41998291015625 619.6500244140625 651.90997314453125 679.760009765625 734.75 776.90997314453125 797.92999267578125 768.5999755859375 753.42999267578125 816.8499755859375 827.44000244140625 784.34002685546875 682.1099853515625 566.97998046875 498.519989013671875 435.739990234375 418.829986572265625 409.149993896484375 385.3599853515625 369.920013427734375 344.410003662109375 289.790008544921875 271.709991455078125 235.470001220703125 217.3800048828125 194.8800048828125 184.779998779296875 181.3000030517578125 183.9799957275390625 188.3899993896484375 186.3800048828125 184.17999267578125 182.94000244140625 181.9499969482421875 176.7599945068359375
976.6300048828125 882.17999267578125 807.33001708984375 817.1199951171875 814.53997802734375 791.969970703125 727.52001953125 636.3900146484375 638.42999267578125 690.65997314453125 719.489990234375 755.47998046875 815.780029296875 861.58001708984375 910.46002197265625 856.3599853515625 841.80999755859375 903.77001953125 941.1199951171875 827.8900146484375 725.07000732421875 685.9000244140625 644.22998046875 576.280029296875 486.959991455078125 419.410003662109375 421.730010986328125 398.540008544921875 392.480010986328125 367.540008544921875 325.739990234375 298.94000244140625 271.670013427734375 192.2100067138671875 186.4499969482421875 178.9600067138671875 183.25 182.339996337890625 182.42999267578125 179.7299957275390625 177.220001220703125 177.899993896484375 175.9199981689453125
963.79998779296875 849.17999267578125 816.52001953125 799.1500244140625 784.29998779296875 767.41998291015625 710.41998291015625 649.97998046875 684.82000732421875 739.530029296875 792.53997802734375 849.719970703125 911.25 981.80999755859375 1004.1099853515625 888.280029296875 865.96002197265625 933.1400146484375 958.53997802734375 846.97998046875 768.47998046875 760.27001953125 774.6400146484375 689.66998291015625 590.260009765625 485.040008544921875 450.25 436.3599853515625 411.829986572265625 400.6400146484375 369.94000244140625 298.94000244140625 273.040008544921875 215.970001220703125 187.779998779296875 179.7899932861328125 176.44000244140625 183.57000732421875 179.910003662109375 176.600006103515625 186.660003662109375 174.9900054931640625 174.9199981689453125
996.780029296875 879.19000244140625 776.03997802734375 768.989990234375 758.8599853515625 744.030029296875 694.92999267578125 657.469970703125 723.69000244140625 803.44000244140625 819.469970703125 902.77001953125 998.28997802734375 1095.719970703125 1073.030029296875 954.27001953125 920.92999267578125 1007.57000732421875 947.0999755859375 853.57000732421875 810.0999755859375 817.6400146484375 875.010009765625 764.70001220703125 669.3900146484375 554.94000244140625 506.30999755859375 481.269989013671875 444.399993896484375 419.29998779296875 375.5 328.94000244140625 293.6400146484375 245.6100006103515625 185.5500030517578125 175.2299957275390625 183.57000732421875 173.94000244140625 173.5500030517578125 173.279998779296875 182.8300018310546875 170.82000732421875 165.6199951171875
921.65997314453125 825.3900146484375 730.45001220703125 752.010009765625 743.8499755859375 716.239990234375 673.1199951171875 666.71002197265625 780.1199951171875 815.6099853515625 864.3599853515625 947.8800048828125 1047.22998046875 1124.72998046875 1172.510009765625 1084.239990234375 1082.260009765625 1047.0400390625 942.719970703125 878.52001953125 845.280029296875 875.83001708984375 953.90997314453125 846.5 753.29998779296875 647.80999755859375 525.22998046875 532.03997802734375 511.45001220703125 477.160003662109375 403.170013427734375 373.720001220703125 337.339996337890625 304.269989013671875 225.1300048828125 175.1399993896484375 172.600006103515625 175.5500030517578125 169.970001220703125 171.1100006103515625 168.67999267578125 170.339996337890625 166.8300018310546875
868.3900146484375 810.4000244140625 674.54998779296875 690.239990234375 697.1500244140625 722.66998291015625 679.1300048828125 652.719970703125 787.08001708984375 852.19000244140625 927.1199951171875 986.219970703125 1064.030029296875 1183.199951171875 1291.699951171875 1197.449951171875 1122.3399658203125 1043.56005859375 970.969970703125 911.09002685546875 890.3499755859375 931.25 997.69000244140625 873.03997802734375 796.78997802734375 713.719970703125 590.90997314453125 576.969970703125 544.66998291015625 500.519989013671875 451.160003662109375 399.8699951171875 340.850006103515625 314.600006103515625 267.589996337890625 199.8600006103515625 151.82000732421875 148.100006103515625 165.69000244140625 163.6699981689453125 162.660003662109375 166.7599945068359375 161.850006103515625
897.79998779296875 786.5 703.34002685546875 698.79998779296875 721.83001708984375 736.6300048828125 683.96002197265625 644.3699951171875 765.69000244140625 836.6199951171875 953.96002197265625 1036.280029296875 1106.8599853515625 1207.1099853515625 1294.0400390625 1254.9000244140625 1215.7900390625 1121.1099853515625 984.6199951171875 934.15997314453125 912.57000732421875 995.42999267578125 1023.57000732421875 917.6199951171875 817.030029296875 703.34002685546875 626.05999755859375 591.0999755859375 569.25 539.6199951171875 473.209991455078125 394.839996337890625 352.079986572265625 338.329986572265625 285.170013427734375 262.82000732421875 207.0800018310546875 184.9799957275390625 161.7599945068359375 165.2400054931640625 131.6300048828125 152.720001220703125 157.5
805.280029296875 698.969970703125 678.71002197265625 683.8900146484375 714.79998779296875 730.20001220703125 682.5 648.21002197265625 734.41998291015625 798.19000244140625 875.03997802734375 980.0999755859375 1044.47998046875 1130.9100341796875 1216.18994140625 1251.219970703125 1145.4599609375 1055.6800537109375 993.780029296875 942.239990234375 943.8499755859375 1086.3900146484375 1024.219970703125 913.71002197265625 776.71002197265625 725.69000244140625 662.05999755859375 618.739990234375 584.3699951171875 535.07000732421875 472.100006103515625 397.160003662109375 376.42999267578125 355.779998779296875 327.779998779296875 298.920013427734375 253 222.2400054931640625 190.8300018310546875 165.6399993896484375 156.1999969482421875 146.42999267578125 151.089996337890625
817.21002197265625 693.1300048828125 668.71002197265625 676.59002685546875 694.760009765625 707.489990234375 671.030029296875 660.58001708984375 684.42999267578125 729.1300048828125 798.3699951171875 880.71002197265625 993.489990234375 1038.969970703125 1112.2099609375 1163.550048828125 1136.6199951171875 1065.93994140625 1039.719970703125 1036.3800048828125 1074.9300537109375 1094.5799560546875 953.239990234375 889.70001220703125 844.8900146484375 781.030029296875 729.469970703125 713 648.33001708984375 584.989990234375 501.850006103515625 434.850006103515625 405.69000244140625 349.420013427734375 344.670013427734375 318.29998779296875 293.779998779296875 256.910003662109375 232.0399932861328125 165.160003662109375 124.68000030517578125 126.93000030517578125 143.410003662109375
804.08001708984375 741.02001953125 675.3699951171875 665.32000732421875 686.07000732421875 687.5 666.6400146484375 653.05999755859375 655.42999267578125 674.1400146484375 727.57000732421875 820.91998291015625 903.83001708984375 950.3599853515625 1007.96002197265625 1127.81005859375 1226.72998046875 1208.06005859375 1148.8900146484375 1162.8800048828125 1218.530029296875 1125.4000244140625 1025.72998046875 956.3699951171875 868.66998291015625 820.010009765625 856.54998779296875 795.1099853515625 725.760009765625 636.16998291015625 549.25 482.779998779296875 439.8900146484375 389.3599853515625 367.75 352.1400146484375 312.54998779296875 271.970001220703125 192.94000244140625 135.0800018310546875 139.2299957275390625 164.8600006103515625 179.399993896484375
791.78997802734375 733.44000244140625 675.239990234375 669.280029296875 655.70001220703125 674.20001220703125 651.28997802734375 650.94000244140625 645.739990234375 638.6300048828125 671.6199951171875 741.19000244140625 796.6300048828125 867.78997802734375 995.1199951171875 1052.300048828125 1129.800048828125 1227.6199951171875 1178.489990234375 1154.3399658203125 1216.949951171875 1148.699951171875 1093.9100341796875 1015.8499755859375 924.030029296875 939.57000732421875 967.47998046875 881.32000732421875 785.16998291015625 673.67999267578125 581.3499755859375 518.65997314453125 458.94000244140625 407.8900146484375 384.350006103515625 350.720001220703125 319.290008544921875 211.3899993896484375 155.92999267578125 175.19000244140625 209.8000030517578125 219.720001220703125 244.4600067138671875
871.33001708984375 760.90997314453125 653.52001953125 641.1400146484375 637.70001220703125 644.27001953125 639.3800048828125 617.70001220703125 593.17999267578125 607.75 644.08001708984375 696.47998046875 763.79998779296875 807.05999755859375 844.780029296875 910.510009765625 1019.58001708984375 1068.5699462890625 1129.260009765625 994.6099853515625 1069.31005859375 1168.1400146484375 1117.3699951171875 1101.1400146484375 1058.77001953125 1065.989990234375 978.510009765625 878.77001953125 778.41998291015625 689.8599853515625 610.15997314453125 528.33001708984375 481.600006103515625 438.040008544921875 397.850006103515625 356.790008544921875 292.6199951171875 177.80999755859375 198.57000732421875 234.4499969482421875 252.1999969482421875 247.7599945068359375 247.7599945068359375
748.6500244140625 787.719970703125 700.219970703125 670.3900146484375 640.9000244140625 609.59002685546875 563.3599853515625 543.80999755859375 547.07000732421875 584.46002197265625 595.6400146484375 632.70001220703125 688.70001220703125 743.46002197265625 746.22998046875 835.1199951171875 790.1400146484375 854.510009765625 910.8599853515625 903.6300048828125 957.1500244140625 1022.969970703125 1023.239990234375 1062.0799560546875 1009.75 967.25 889.25 823.3499755859375 743.20001220703125 676.95001220703125 608.15997314453125 546.40997314453125 471.92999267578125 418.6400146484375 405.459991455078125 351.70001220703125 232.75 211.80999755859375 269.279998779296875 270.459991455078125 247.7599945068359375 247.7599945068359375 263.420013427734375
686.030029296875 694.59002685546875 707.57000732421875 682.22998046875 656.66998291015625 558.8800048828125 543.80999755859375 584.3499755859375 543.80999755859375 584.3499755859375 581.33001708984375 565.0999755859375 566.280029296875 596.77001953125 644.15997314453125 637.57000732421875 595.5 584.54998779296875 630.19000244140625 703.46002197265625 739.22998046875 798.90997314453125 782.09002685546875 844.77001953125 837.739990234375 815.760009765625 757.84002685546875 609.5999755859375 539.1199951171875 585.010009765625 549.0999755859375 509.720001220703125 454.989990234375 393.670013427734375 386.350006103515625 295.8699951171875 229.4499969482421875 289.8900146484375 282.8800048828125 262.720001220703125 248.4900054931640625 287.05999755859375 323.540008544921875
